DateID,ProductID,StoreID,CustomerID,OrderedAmount,DiscountAmount,ShippingCost,TotalAmount
20240728,447,100,245,553,41.9105168129337,51.65474151999635,459.43474166706994
20240728,118,100,333,598,28.84123358717117,83.21546941894874,485.9432969938801
20240728,816,100,663,721,103.02962633454861,85.08670125491201,532.8836724105394
20240728,559,100,432,679,78.20149041938915,68.10395908191997,532.6945504986909
20240728,548,100,414,100,3.8832847658910237,7.107269979608824,89.00944525450015
20240728,356,100,607,532,58.488200558749966,75.41373203952054,398.0980674017295
20240728,855,100,979,915,79.70719467182599,130.58418373745036,704.7086215907236
20240728,184,100,532,889,108.21628684130248,80.88652010048513,699.8971930582125
20240728,933,100,775,921,100.12885758540018,78.5431156185605,742.3280267960392
20240728,670,100,193,990,112.49656910487667,56.41540774117796,821.0880231539454
20240728,109,100,15,813,36.14337088105922,66.25264794665871,710.603981172282
20240728,647,100,397,665,46.39312327875568,33.87733731827477,584.7295394029695
20240728,318,100,385,708,100.19642696136349,102.4483033157528,505.3552697228837
20240728,124,100,316,781,97.60665227650013,113.2248374641376,570.1685102593623
20240728,708,100,700,486,42.76229611066247,45.96318296574968,397.27452092358783
20240728,288,100,404,105,11.01490197899628,13.040457412095389,80.94464060890833
20240728,138,100,456,395,50.367288117973274,24.121855078167208,320.5108568038595
20240728,788,100,663,829,123.65941345239175,101.94451452397139,603.3960720236369
20240728,50,100,579,937,25.46377575560133,73.84770434699998,837.6885198973987
20240728,665,100,687,787,37.624728008627734,96.82610274957638,652.5491692417959
20240728,221,100,262,308,31.390933375702847,15.720629325398411,260.88843729889874
20240728,890,100,186,372,8.483323204511443,35.16164001542772,328.35503678006086
20240728,548,100,370,470,63.83038727822058,43.8108255796586,362.35878714212083
20240728,820,100,320,407,59.90714362349992,36.791150190856946,310.3017061856431
20240728,65,100,172,677,52.23628409513983,53.30207083719253,571.4616450676676
20240728,268,100,603,382,11.877374889392872,36.53470266403742,333.5879224465697
20240728,477,100,402,286,18.725236653499582,19.52237493273008,247.75238841377035
20240728,44,100,644,189,24.719142562779357,25.751991393894063,138.5288660433266
20240728,561,100,419,632,35.96102816493379,79.26967353098443,516.7692983040818
20240728,254,100,339,189,11.873634261557957,27.971977369605085,149.15438836883698
20240728,373,100,593,671,65.71226978762378,43.8874964378406,561.4002337745356
20240728,584,100,19,981,32.235734374233814,143.62760747207523,805.136658153691
20240728,962,100,352,569,15.641140322531912,30.49965243673453,522.8592072407336
20240728,845,100,858,903,111.51002260476248,50.53994571320462,740.9500316820329
20240728,79,100,661,633,63.015224123972565,65.71727117148343,504.26750470454397
20240728,80,100,855,319,12.097262294007056,37.632013706989014,269.27072399900396
20240728,289,100,263,104,11.840271741203875,8.41031111362336,83.74941714517277
20240728,794,100,701,176,10.207122793245421,21.739521481432625,144.05335572532195
20240728,772,100,572,177,22.968203432934047,11.342239755227217,142.68955681183874
20240728,546,100,761,347,28.968806815181463,33.34270392533955,284.68848925947896
20240728,691,100,533,101,9.05150239485405,14.064319603749574,77.88417800139638
20240728,833,100,295,638,67.29414226947395,64.64159827364018,506.06425945688585
20240728,681,100,176,773,81.60769417777438,46.75533490812087,644.6369709141047
20240728,73,100,166,233,18.047466322619375,23.41882842320392,191.5337052541767
20240728,617,100,766,664,44.74417534158651,58.70253107048354,560.5532935879299
20240728,82,100,859,884,55.157399196969585,59.177247592933,769.6653532100975
20240728,877,100,408,656,72.19444867390042,89.64252508836154,494.16302623773805
20240728,575,100,500,873,77.20266044572159,54.468893673490605,741.3284458807877
20240728,856,100,712,955,69.92162972282196,70.5814338549672,814.4969364222109
20240728,535,100,51,190,13.114910923212813,12.928184842790387,163.9569042339968
20240728,682,100,291,730,21.99080817551244,86.3852535674804,621.6239382570071
20240728,409,100,904,175,25.994449841797575,24.62952110014176,124.37602905806067
20240728,892,100,325,143,20.865501433325402,12.715323018078333,109.41917554859626
20240728,661,100,247,549,69.47321950331855,48.34943229973394,431.1773481969475
20240728,865,100,91,485,38.54332941330912,55.60369485530014,390.85297573139076
20240728,95,100,115,863,32.56109255810176,122.44855224174714,707.990355200151
20240728,255,100,763,311,36.56380638625468,35.503585817687345,238.93260779605797
20240728,540,100,903,411,42.47666687890657,23.353251877105937,345.1700812439875
20240728,716,100,970,315,33.93718318257226,40.51300584820322,240.54981096922452
20240728,663,100,70,681,18.1193632880492,47.24402913326774,615.6366075786831
20240728,454,100,173,717,59.96080809676038,79.6666977917739,577.3724941114657
20240728,159,100,122,608,73.75673574907518,54.66829536315446,479.57496888777035
20240728,457,100,204,932,49.78456867345863,130.54015269868157,751.6752786278598
20240728,586,100,571,794,97.58158468601847,43.78574881165548,652.6326665023261
20240728,287,100,474,168,9.303071424343317,10.021299672083515,148.67562890357317
20240728,231,100,224,595,35.42091251872151,55.24137220878996,504.33771527248854
20240728,36,100,816,753,74.0971090061656,74.82889743084156,604.0739935629929
20240728,528,100,104,730,51.455453654314866,94.23469995909856,584.3098463865865
20240728,591,100,199,133,15.57217433941126,16.69289245662315,100.7349332039656
20240728,216,100,729,854,42.213317764720244,81.34146200020393,730.4452202350758
20240728,992,100,22,381,11.76119496391203,45.40071515236078,323.8380898837272
20240728,714,100,105,703,94.67092439429902,74.28313330436968,534.0459423013313
20240728,530,100,31,954,29.617177519748108,63.10617671476483,861.276645765487
20240728,727,100,788,591,23.62000291763589,50.360083255234606,517.0199138271295
20240728,619,100,2,400,11.875338487046125,57.56535777999518,330.5593037329587
20240728,776,100,671,924,43.7903213846985,122.67022096472363,757.5394576505779
20240728,923,100,626,883,18.764494116816042,85.43680830289864,778.7986975802853
20240728,951,100,315,996,47.19109345096125,129.0109888422696,819.7979177067691
20240728,265,100,775,245,25.962663645939973,23.399360125202463,195.63797622885755
20240728,328,100,824,450,39.91172469322946,42.42847774864244,367.6597975581281
20240728,179,100,220,892,26.684767792793757,92.998068793099,772.3171634141072
20240728,38,100,190,534,56.64585653431589,52.37478553523376,424.97935793045036
20240728,48,100,995,395,50.872058640368266,20.827923388589618,323.3000179710421
20240728,120,100,345,994,120.18146107596884,90.15427217256551,783.6642667514657
20240728,282,100,372,964,138.08768563398422,86.36382838083058,739.5484859851852
20240728,331,100,489,447,59.210585828260065,49.724345210335954,338.065068961404
20240728,987,100,294,770,19.42712881964314,102.28460212396466,648.2882690563922
20240728,593,100,486,549,54.07253207753255,64.32455564363418,430.6029122788333
20240728,6,100,14,921,127.04456441782541,116.0959849764439,677.8594506057307
20240728,914,100,369,925,28.32657337574916,58.47224409864582,838.201182525605
20240728,68,100,498,987,74.666354828985,94.52948345541006,817.804161715605
20240728,815,100,662,195,22.424479921284746,10.548239443817337,162.02728063489792
20240728,285,100,290,899,134.04677406388544,64.0830641053297,700.8701618307848
20240728,402,100,884,846,25.13631108764699,90.45534321339777,730.4083456989553
20240728,821,100,852,473,68.78335261616593,60.454105273374886,343.7625421104592
20240728,348,100,221,737,45.930930224707076,99.43062117162765,591.6384486036652
20240728,465,100,207,642,44.39428593206344,35.118416377223085,562.4872976907135
20240728,907,100,220,407,53.46594358899576,50.58854403643256,302.94551237457165
20240728,443,100,161,848,21.424106881947054,104.65427935834344,721.9216137597095
20240728,978,100,254,238,24.100127052770617,26.060984900456635,187.83888804677275
20240728,474,100,330,411,41.906934655036494,30.604652395417634,338.4884129495459
20240728,200,100,511,718,67.52152008454885,73.81682784000452,576.6616520754467
20240728,32,100,867,834,56.87981578988246,106.53359654899,670.5865876611275
20240728,839,100,905,809,57.18270871163346,65.64249995922289,686.1747913291437
20240728,236,100,63,203,10.958818095666324,21.21672518478578,170.8244567195479
20240728,449,100,620,874,128.26722927137052,95.27175400413073,650.4610167244987
20240728,585,100,955,911,41.7425570100055,121.7062957346098,747.5511472553846
20240728,915,100,68,927,88.49482024431,135.41346475958798,703.091714996102
20240728,38,100,447,371,16.285607199448982,45.338789570317694,309.3756032302333
20240728,37,100,421,105,9.776156415619,8.299010426042477,86.92483315833852
20240728,930,100,774,821,24.70158223074877,72.52631086933928,723.7721068999119
20240728,353,100,103,413,20.615701369353683,25.08766946134084,367.29662916930545
20240728,65,100,923,941,54.26483933326354,48.465954051993414,838.2692066147431
20240728,917,100,604,635,82.71306224254015,34.66069596596125,517.6262417914986
20240728,12,100,736,950,138.77617974926824,83.45423502991147,727.7695852208203
20240728,978,100,683,996,55.47753199719666,72.41995413865818,868.1025138641452
20240728,392,100,125,321,34.43966645665326,29.668326295630585,256.89200724771615
20240728,590,100,387,150,15.647537913039402,15.056272782561045,119.29618930439955
20240728,872,100,989,605,78.20043864258574,55.14376926597485,471.6557920914394
20240728,373,100,337,451,58.14336656517892,36.93518960984889,355.9214438249722
20240728,389,100,330,377,28.434993215814735,35.01912606465978,313.5458807195255
20240728,306,100,685,595,32.56892594640633,36.351011782818915,526.0800622707748
20240728,8,100,203,479,19.701853148344217,48.7813553704387,410.51679148121707
20240728,460,100,825,182,25.562677367694164,14.307744570396427,142.1295780619094
20240728,939,100,224,693,70.28803460362566,76.21196334271723,546.5000020536571
20240728,736,100,420,240,11.560004679431021,26.291501677533024,202.14849364303595
20240728,787,100,879,523,24.26875728507782,78.1310239112745,420.6002188036477
20240728,222,100,172,751,110.41998080942673,100.94436664603019,539.6356525445431
20240728,355,100,608,332,19.942782123599027,34.342147124768324,277.71507075163265
20240728,323,100,997,420,61.345821152093485,49.84766737692011,308.8065114709864
20240728,39,100,321,609,22.335313007698733,52.99997830788908,533.6647086844122
20240728,647,100,686,687,69.62936296882191,74.83511988847825,542.5355171426999
20240728,465,100,861,270,39.47467498874782,21.019906099875882,209.5054189113763
20240728,736,100,519,764,73.52161814398305,80.9967131545501,609.4816687014668
20240728,15,100,33,179,7.379732622847892,13.348292912405704,158.2719744647464
20240728,157,100,654,846,34.56909840873431,85.69759931016884,725.7333022810968
20240728,499,100,880,304,30.835135459877577,18.192845064498428,254.972019475624
20240728,473,100,42,938,133.6668513303703,73.61731701577192,730.7158316538578
20240728,342,100,329,611,36.414680323470876,67.66662784132343,506.91869183520566
20240728,858,100,244,845,94.14152967430796,98.3259856662661,652.5324846594259
20240728,924,100,66,684,15.775642952066505,80.06330894401019,588.1610481039233
20240728,570,100,314,580,31.571061576254397,58.29591612450005,490.13302229924557
20240728,197,100,581,980,88.54347742226055,134.63517227068098,756.8213503070585
20240728,158,100,448,787,89.21205084393132,108.15178881850038,589.6361603375683
20240728,614,100,938,759,34.13483211917694,93.76583355172065,631.0993343291025
20240728,65,100,360,991,134.91113105958672,82.06825755286194,774.0206113875513
20240728,53,100,610,790,103.19444559269859,118.08888067525264,568.7166737320488
20240728,973,100,428,168,20.759507469350638,19.872446427395303,127.36804610325406
20240728,70,100,134,406,56.005283841873236,32.74453318425641,317.2501829738703
20240728,925,100,124,431,62.817335916160246,29.90715915837351,338.27550492546624
20240728,362,100,455,186,23.753587178662755,18.0149450851081,144.23146773622915
20240728,683,100,817,839,95.88506716177825,43.09652137069033,700.0184114675315
20240728,562,100,924,970,124.52431236170334,67.91467726821443,777.5610103700822
20240728,875,100,507,548,64.37572975306601,76.69444284989598,406.929827397038
20240728,194,100,450,374,19.00268746844992,34.51516823665265,320.4821442948974
20240728,798,100,195,864,85.23429153109099,60.60169715305016,718.1640113158588
20240728,463,100,55,127,13.907108646540241,16.291344502626377,96.80154685083338
20240728,296,100,286,740,51.266451690531845,47.4313148961362,641.3022334133319
20240728,522,100,484,447,13.729695977809419,65.7929001741995,367.47740384799107
20240728,439,100,332,536,37.22156017711181,44.82971813483421,453.948721688054
20240728,374,100,349,188,24.070470659849455,14.10672272210743,149.8228066180431
20240728,878,100,880,241,13.330158758071974,28.619310757084417,199.0505304848436
20240728,802,100,170,212,11.527647551753539,30.486899691181986,169.98545275706448
20240728,863,100,20,747,76.8504425428491,40.71885765353555,629.4306998036153
20240728,855,100,291,503,37.00054881309347,32.93265287746786,433.0667983094387
20240728,585,100,342,270,9.622683931756944,38.40925999124205,221.968056077001
20240728,351,100,27,209,14.250078150830088,15.08376250229319,179.66615934687673
20240728,876,100,102,467,16.304069853804595,42.82072555625425,407.8752045899412
20240728,516,100,851,339,19.601647855650327,20.78439583739729,298.6139563069524
20240728,227,100,358,777,98.57180946298301,103.38618146324896,575.042009073768
20240728,697,100,389,377,51.35598734465494,26.528076282992156,299.1159363723529
20240728,66,100,517,837,40.6225852680703,95.89039916310628,700.4870155688234
20240728,327,100,612,719,98.07330617811539,50.35586846478445,570.5708253571001
20240728,420,100,34,322,23.915590814749557,27.041019613291322,271.0433895719591
20240728,262,100,132,466,43.65608408749319,68.54894369965989,353.7949722128469
20240728,962,100,826,956,134.14793100090608,120.70881409785926,701.1432549012346
20240728,875,100,634,396,45.987040961836044,52.760590586361545,297.2523684518024
20240728,88,100,896,239,18.639002522499872,31.09409340073538,189.26690407676475
20240728,377,100,684,872,85.46194400673654,77.81488949789725,708.7231664953662
20240728,707,100,114,146,13.293235125752835,15.051195254672916,117.65556961957425
20240728,311,100,825,852,27.766136042674706,86.98081206386205,737.2530518934633
20240728,781,100,708,413,40.118373771935694,23.85958433759953,349.0220418904648
20240728,576,100,962,898,17.961789601871526,113.84975088498624,766.1884595131422
20240728,741,100,855,636,30.415302491476336,71.8788203160695,533.7058771924542
20240728,782,100,895,404,33.924061118881994,52.49101277926462,317.5849261018534
20240728,289,100,472,960,24.471843288478976,59.86652077737881,875.6616359341422
20240728,987,100,63,154,3.1376109915487174,9.635781818472813,141.22660718997847
20240728,851,100,280,682,61.942379697937774,81.41181427968604,538.6458060223762
20240728,96,100,248,165,20.121943267984985,23.501503645627807,121.3765530863872
20240728,707,100,477,933,86.73136437913533,49.52647412211085,796.7421614987538
20240728,655,100,244,990,55.67150815626545,106.68354649555906,827.6449453481755
20240728,470,100,893,369,37.00356618897589,30.5299137533527,301.4665200576714
20240728,267,100,579,214,26.53516605595085,23.263762873082456,164.2010710709667
20240728,827,100,939,234,17.416544551206684,22.517402972845144,194.06605247594817
20240728,139,100,504,470,37.13674510568062,68.15634586076064,364.70690903355876
20240728,437,100,505,789,71.838230543223,107.44198697369907,609.7197824830779
20240728,449,100,141,599,38.96528930617695,53.46310492311804,506.571605770705
20240728,149,100,569,792,37.78967061515451,40.844271333257026,713.3660580515884
20240728,875,100,541,560,23.432502299234084,29.161733720018216,507.4057639807477
20240728,280,100,716,375,37.08700738037687,23.57175589046842,314.34123672915473
20240728,529,100,493,621,65.63906073754006,66.68745544445814,488.6734838180018
20240728,815,100,671,147,8.091167700202153,8.367051704784005,130.54178059501385
20240728,758,100,567,189,15.431205229647876,19.655565823610683,153.91322894674144
20240728,476,100,798,986,140.18087124928851,103.3794370348082,742.4396917159033
20240728,351,100,160,207,8.993571710448228,28.157235452488788,169.849192837063
20240728,334,100,419,564,37.30792914804596,45.23419179128395,481.4578790606701
20240728,272,100,522,850,97.34045277456164,89.76010236845552,662.8994448569829
20240728,234,100,174,550,28.65041759455165,64.94954963928116,456.4000327661672
20240728,452,100,781,914,100.43835804006747,101.6655515199898,711.8960904399428
20240728,895,100,757,999,106.55190753197417,54.25419195669756,838.1939005113283
20240728,870,100,173,532,15.317888612330883,50.869757208609855,465.8123541790593
20240728,600,100,161,979,63.60461155481888,74.50579128465583,840.8895971605252
20240728,144,100,505,647,17.83115759111161,45.59236158546444,583.5764808234239
20240728,26,100,22,772,106.7956161722719,85.11979157621715,580.0845922515109
20240728,344,100,363,728,78.96787876528946,80.50539692728583,568.5267243074247
20240728,883,100,70,992,143.37964345360075,67.86440439187108,780.7559521545281
20240728,485,100,634,905,34.14976763284022,77.85325208801721,792.9969802791426
20240728,98,100,799,480,9.762155270938091,61.88060811912991,408.357236609932
20240728,449,100,714,373,24.47953050190312,45.199971031257476,303.3204984668394
20240728,47,100,821,351,45.054043238442134,39.03667530103925,266.9092814605186
20240728,307,100,386,711,91.21998306644754,98.87941829704688,520.9005986365056
20240728,998,100,983,329,34.08602034419407,23.05021972809388,271.86375992771207
20240728,951,100,633,508,44.974042965248096,67.7445272636528,395.2814297710991
20240728,933,100,29,456,57.35760234086919,25.969948667984447,372.6724489911463
20240728,362,100,717,709,101.54066657502015,63.767453711284546,543.6918797136952
20240728,36,100,850,505,55.85369323703774,38.13835767829465,411.00794908466764
20240728,872,100,972,540,73.7742557011308,43.71031989831511,422.5154244005541
20240728,923,100,90,716,23.935917018309887,100.1177646593345,591.9463183223556
20240728,580,100,699,253,8.076055623303953,28.595030537375187,216.32891383932088
20240728,720,100,32,879,115.8147039335922,101.26761317949652,661.9176828869113
20240728,837,100,296,287,16.20328773757934,28.509680000071867,242.2870322623488
20240728,676,100,429,256,28.487739242863118,15.834380719454757,211.67788003768214
20240728,693,100,537,755,44.69896645081096,56.65411090188313,653.6469226473059
20240728,151,100,670,297,12.97506098892317,37.17309140294878,246.85184760812805
20240728,607,100,32,666,51.31010502449595,57.56709950099687,557.1227954745071
20240728,476,100,781,790,23.212512993695487,71.21786611959217,695.5696208867123
20240728,585,100,599,209,6.9220152303228035,16.764382233324415,185.3136025363528
20240728,942,100,939,899,72.05739231710686,60.117810395493315,766.8247972873999
20240728,292,100,855,436,46.529305986325824,46.38807671818995,343.0826172954842
20240728,262,100,595,462,64.68926226054187,47.65162337423077,349.65911436522737
20240728,930,100,884,540,53.79860349106728,33.682493000474686,452.51890350845804
20240728,511,100,167,323,6.779665404564222,47.79139512899412,268.42893946644165
20240728,299,100,95,505,70.66010377476802,34.01168298960342,400.3282132356286
20240728,322,100,63,717,99.77929699536479,39.64113053920107,577.5795724654341
20240728,465,100,928,164,15.986892208777473,11.373427998877705,136.63967979234482
20240728,311,100,881,422,43.520510477524354,23.27375194368514,355.2057375787905
20240728,122,100,527,170,19.602995848061422,10.867530950448842,139.52947320148974
20240728,971,100,647,797,108.38003933588074,93.43182918377231,595.188131480347
20240728,693,100,475,356,21.524699785142783,40.689173571927405,293.78612664292984
20240728,467,100,505,567,76.94574237657504,29.34007753987745,460.7141800835475
20240728,36,100,523,280,23.952508214425276,40.97002221276919,215.07746957280554
20240728,194,100,176,263,13.650439515519603,30.145747901655266,219.20381258282512
20240728,650,100,526,262,31.409862254218908,22.075974585144788,208.51416316063631
20240728,394,100,549,889,88.04568170720724,56.915745862683224,744.0385724301095
20240728,317,100,364,892,25.81774944623581,96.11481322888692,770.0674373248772
20240728,847,100,312,633,37.506621142369355,55.12131570262059,540.3720631550101
20240728,78,100,342,911,52.59444480346363,113.71035791377781,744.6951972827585
20240728,368,100,877,875,105.95383015772292,113.31158384590734,655.7345859963698
20240728,160,100,700,125,12.831480757689741,16.487601317344787,95.68091792496547
20240728,67,100,913,909,112.06920866748511,136.29656740404633,660.6342239284686
20240728,589,100,104,176,9.18541094380781,15.396714344571716,151.41787471162047
20240728,10,100,593,207,16.367686986519427,14.417802933219445,176.21451008026114
20240728,515,100,185,659,16.706636608715307,59.843248508441086,582.4501148828436
20240728,366,100,827,479,64.90982778035593,57.4142781756718,356.6758940439723
20240728,358,100,278,590,11.908463679331922,43.166673250498015,534.9248630701701
20240728,92,100,638,349,41.982929519926394,39.51176600284809,267.50530447722554
20240728,218,100,601,373,44.94890572095219,32.5520965118884,295.4989977671594
20240728,14,100,639,586,23.599416459913726,37.32477054072573,525.0758129993606
20240728,869,100,394,102,10.100173897435408,6.194863695689452,85.70496240687514
20240728,714,100,880,595,64.36345552909177,40.5365494742656,490.09999499664264
20240728,133,100,59,525,65.55594327261153,73.41551254870986,386.0285441786786
20240728,41,100,778,626,59.86428559412743,86.54195396674412,479.59376043912846
20240728,950,100,731,301,24.390933488760183,27.1916906984788,249.417375812761
20240728,89,100,796,727,77.84665213793265,61.195349809983796,587.9579980520836
20240728,537,100,929,923,31.88436747724548,60.196750153299554,830.918882369455
20240728,6,100,805,378,17.26705421260122,54.69997803230281,306.03296775509597
20240728,23,100,864,787,65.71507091465325,61.090902034306126,660.1940270510406
20240728,156,100,832,998,145.136001758389,66.51131376932621,786.3526844722849
20240728,901,100,762,296,30.37840328242602,33.05961339516635,232.56198332240763
20240728,127,100,680,146,13.886945396678023,18.88814157624599,113.22491302707598
20240728,640,100,59,314,24.129250145202363,15.841155822880674,274.029594031917
20240728,821,100,346,211,15.278171558633844,12.303695007617293,183.41813343374886
20240728,176,100,72,729,71.8042736216751,92.03525972040403,565.1604666579209
20240728,673,100,344,430,29.19673020763789,51.59678819440319,349.20648159795894
20240728,720,100,1000,998,127.5392577576788,101.1405603773295,769.3201818649917
20240728,162,100,184,631,16.211787648253253,33.85085424453029,580.9373581072165
20240728,614,100,17,376,49.03784986281966,56.075961804202045,270.8861883329783
20240728,987,100,515,220,14.37403879048735,21.99791310756718,183.62804810194547
20240728,220,100,129,546,14.621158011926367,72.88807235545995,458.4907696326137
20240728,733,100,702,440,53.35641956115951,60.1154493096816,326.52813112915885
20240728,159,100,128,575,43.06656625408962,54.15433014854728,477.77910359736313
20240728,16,100,760,238,10.398883803931163,22.209219889459444,205.3918963066094
20240728,292,100,461,741,30.86212969032958,81.76989665740479,628.3679736522656
20240728,492,100,637,986,67.66575798711565,144.77716361697023,773.5570783959141
20240728,870,100,447,580,44.761777083781126,53.465168508494344,481.77305440772454
20240728,407,100,56,105,4.984173770244439,9.274751322692811,90.74107490706275
20240728,330,100,568,458,47.38946207388224,22.98297091224885,387.6275670138689
20240728,173,100,442,237,10.657840350332716,13.903180560106094,212.4389790895612
20240728,842,100,685,735,93.44450191981454,101.395789161129,540.1597089190565
20240728,408,100,777,598,16.419063968724164,78.1918329830226,503.3891030482532
20240728,204,100,361,257,15.988919709291151,13.811672022156017,227.19940826855282
20240728,709,100,762,672,89.407781033486,68.80039812788681,513.7918208386272
20240728,833,100,137,712,25.695278582402942,46.29823341096333,640.0064880066337
20240728,518,100,487,165,19.256554016571712,14.506113322765467,131.23733266066282
20240728,77,100,776,901,119.71465472545876,102.2361645418298,679.0491807327114
20240728,878,100,665,976,126.5982421647131,108.78777316272699,740.6139846725599
20240728,537,100,821,365,48.01834799161204,31.881111293826063,285.10054071456193
20240728,852,100,583,681,65.9634458743804,85.9503359154637,529.086218210156
20240728,102,100,209,224,12.834479347727724,19.540588222490292,191.62493242978198
20240728,163,100,310,657,46.29818236272305,36.26955293171733,574.4322647055596
20240728,382,100,714,697,66.02839429823344,83.13148309415867,547.8401226076079
20240728,667,100,646,374,24.773564033591015,56.0334200057154,293.1930159606936
20240728,847,100,105,143,3.3835114494455425,17.972768574799183,121.64371997575527
20240728,406,100,933,495,20.576352547591917,61.99946068871128,412.4241867636968
20240728,436,100,892,629,41.979972975238226,46.14460355503494,540.8754234697268
20240728,518,100,499,266,38.78283696630251,24.770830216397982,202.4463328172995
20240728,525,100,881,266,29.04613341910997,23.523776228063767,213.43009035282626
20240728,262,100,37,950,129.2083158005631,124.97019980830478,695.8214843911321
20240728,714,100,184,683,18.44131059894707,80.74481148583436,583.8138779152185
20240728,380,100,675,597,40.902652841349294,53.74332305039126,502.3540241082594
20240728,532,100,825,148,11.755334492757715,17.3592001666328,118.88546534060949
20240728,133,100,495,510,20.67863016177918,74.17551473498409,415.1458551032367
20240728,134,100,385,387,57.764500483921445,44.027168736457725,285.20833077962084
20240728,32,100,130,599,39.6463182779721,71.3870783821472,487.9666033398807
20240728,296,100,149,405,14.11866900845193,43.25285221615579,347.6284787753923
20240728,878,100,100,349,31.968594556835196,41.38691795266808,275.6444874904967
20240728,234,100,545,874,52.35667559295674,112.90898505791826,708.734339349125
20240728,792,100,47,166,13.365885074375944,8.644356689586719,143.98975823603735
20240728,580,100,685,865,42.088356643370496,73.09698471577215,749.8146586408574
20240728,629,100,811,881,124.00260187548517,63.08179662228795,693.9156015022269
20240728,659,100,943,214,5.0223565732358635,27.840801600460072,181.13684182630408
20240728,702,100,29,442,54.46333419806859,55.08013334499582,332.4565324569356
20240728,540,100,901,739,40.160143095862345,36.96528954040921,661.8745673637285
20240728,493,100,569,269,36.31790671694211,36.05578394813592,196.62630933492198
20240728,391,100,267,788,96.68100377597106,116.62054076104153,574.6984554629873
20240728,549,100,868,576,44.67212776629819,71.49363735457894,459.83423487912285
20240728,872,100,518,934,62.57939590221348,103.16143043249706,768.2591736652895
20240728,531,100,459,346,10.122840171447317,34.758264729251124,301.11889509930154
20240728,279,100,842,618,14.510523981999981,59.32203847627744,544.1674375417226
20240728,755,100,438,242,26.69403091445457,19.207836038775422,196.09813304677002
20240728,462,100,1,568,20.679651683137283,63.15209171473619,484.1682566021265
20240728,633,100,956,313,43.45925359502597,38.04691786366689,231.49382854130715
20240728,764,100,348,950,53.83978012183534,48.258176633638904,847.9020432445258
20240728,118,100,742,981,30.263120066239324,72.28541019772464,878.4514697360361
20240728,595,100,502,544,36.189449325144295,27.81992662345737,479.9906240513983
20240728,916,100,128,749,83.9317025130167,37.5886450831769,627.4796524038064
20240728,664,100,185,918,89.42539387367324,122.7804930128338,705.7941131134929
20240728,979,100,399,249,5.889406096842245,25.643343603237376,217.46725029992038
20240728,750,100,983,759,26.008783188669042,74.59323048611972,658.3979863252113
20240728,193,100,761,313,10.766956417666494,32.45057627215853,269.782467310175
20240728,376,100,2,141,13.90745094376859,13.198771483128615,113.8937775731028
20240728,815,100,602,795,40.874504842274085,63.705619615168295,690.4198755425576
20240728,302,100,716,376,10.60517248356165,24.032886106041637,341.3619414103967
20240728,374,100,593,821,108.68209988174966,118.83813161554352,593.4797685027067
20240728,354,100,782,531,44.24915947095762,28.18438738541449,458.5664531436279
20240728,983,100,626,160,18.47040469264861,17.404922748049742,124.12467255930164
20240728,129,100,868,231,17.86366263226082,33.57061660742939,179.56572076030977
20240728,357,100,365,694,97.25105761046851,95.61009637819086,501.13884601134066
20240728,309,100,54,324,42.129478583145335,29.24186893120217,252.62865248565248
20240728,317,100,157,847,108.72328763556646,121.59161571744224,616.6850966469913
20240728,981,100,245,174,9.484948566390495,10.699438816549463,153.81561261706003
20240728,783,100,780,620,64.67765688650394,33.83096163756102,521.491381475935
20240728,131,100,161,311,9.51394318919607,36.978850652139805,264.50720615866413
20240728,588,100,141,363,9.851504314069972,43.80906759097785,309.33942809495215
20240728,668,100,773,747,32.21085627878617,111.08404927396317,603.7050944472506
20240728,619,100,692,682,43.18806969319851,34.8610066781447,603.9509236286568
20240728,489,100,408,492,56.11531934320294,44.877607326858815,391.00707332993824
20240728,496,100,387,450,25.995224880364248,22.84429134551491,401.16048377412085
20240728,39,100,874,798,46.236029581245425,65.26771900258422,686.4962514161704
20240728,739,100,211,927,44.574320139798736,67.20806544784726,815.217614412354
20240728,399,100,959,486,35.98950610357506,44.225750258521714,405.78474363790326
20240728,367,100,573,670,86.57406178481041,48.8763042886261,534.5496339265635
20240728,833,100,983,474,66.1942417691637,37.18364265622361,370.6221155746127
20240728,487,100,205,303,35.38864806978886,41.13300405376737,226.47834787644376
20240728,953,100,781,967,132.1225783918898,127.0658267264089,707.8115948817012
20240728,444,100,745,778,35.390687087376655,66.96451402022906,675.6447988923943
20240728,364,100,18,211,22.951644367276604,31.32492009881333,156.72343553391005
20240728,827,100,67,785,74.5720464758399,42.355684396062514,668.0722691280976
20240728,244,100,832,955,133.57818228102386,62.73835737462379,758.6834603443524
20240728,833,100,5,214,28.21601681740517,29.290069858455585,156.49391332413924
20240728,994,100,12,436,51.17651480533855,55.42613349243382,329.39735170222764
20240728,973,100,275,445,43.628715535317276,65.03028119674178,336.34100326794095
20240728,488,100,268,581,52.27705738479927,30.681889440373265,498.0410531748275
20240728,482,100,601,173,25.510546515842613,17.068459189663166,130.42099429449422
20240728,163,100,396,614,21.857720871060398,84.46595863569485,507.67632049324476
20240728,894,100,849,858,80.94259131155675,105.96333452881123,671.094074159632
20240728,813,100,181,279,38.039852131612506,15.165366391411782,225.79478147697571
20240728,419,100,153,277,14.548212915523138,17.08134012009683,245.37044696438002
20240728,733,100,985,689,61.48319074885605,93.87583042083111,533.6409788303129
20240728,930,100,522,955,71.5144109157519,55.663294388575956,827.8222946956721
20240728,292,100,963,389,31.648061502154405,47.64411804188406,309.7078204559615
20240728,107,100,312,670,20.24912564668129,63.69262589727229,586.0582484560464
20240728,111,100,280,287,43.00823800655724,39.573168633365476,204.4185933600773
20240728,926,100,304,915,91.77087449642683,111.60828950524707,711.6208359983261
20240728,206,100,979,506,24.778990604189357,43.36395528561914,437.8570541101915
20240728,150,100,380,152,11.702729183855771,9.405492861877478,130.89177795426676
20240728,830,100,878,449,36.354550962632246,35.61472324193912,377.0307257954286
20240728,869,100,669,672,30.444778604026872,75.48965280878427,566.0655685871889
20240728,557,100,3,650,50.60545411265889,35.59562982561053,563.7989160617306
20240728,244,100,630,631,12.681165787307403,76.51054060335086,541.8082936093417
20240728,789,100,410,390,25.494535569791577,47.94963357040929,316.55583085979913
20240728,29,100,701,192,14.22682559468771,28.723798493006697,149.0493759123056
20240728,391,100,370,776,82.14050554360196,62.51544318376117,631.3440512726369
20240728,273,100,999,402,17.08633528345061,27.429567289074658,357.48409742747475
20240728,968,100,217,714,27.390285260783973,55.96980238008605,630.63991235913
20240728,218,100,772,886,109.44761702254326,49.670309513568334,726.8820734638884
20240728,485,100,749,669,34.837648962367886,66.61024608175329,567.5521049558788
20240728,982,100,34,596,71.6646543716794,48.99004298503109,475.34530264328953
20240728,335,100,217,292,19.75973722215473,35.801418814776795,236.43884396306848
20240728,467,100,131,611,16.21704299492655,88.22570056958092,506.5572564354925
20240728,834,100,942,821,47.89345339307129,80.19169993947679,692.9148466674519
20240728,519,100,249,975,134.9091618023738,62.43450820463744,777.6563299929887
20240728,780,100,839,421,59.24590684728504,40.52325668218787,321.2308364705271
20240728,117,100,831,953,100.76021230489908,87.84707168267204,764.3927160124289
20240728,891,100,656,190,17.687416980283032,14.432814356887372,157.8797686628296
20240728,909,100,433,312,44.827332912563065,20.47937376628151,246.6932933211554
20240728,229,100,521,630,77.07831375383792,88.10442322945642,464.8172630167057
20240728,945,100,19,364,44.21683621696847,47.71105586289904,272.0721079201325
20240728,130,100,726,641,47.06948626481535,60.01166998385679,533.9188437513278
20240728,534,100,898,359,10.798184644350629,23.71138940631785,324.49042594933155
20240728,164,100,921,588,12.803346647780307,82.68587273933257,492.5107806128871
20240728,285,100,598,878,103.12957484903758,47.96007509300099,726.9103500579614
20240728,51,100,981,340,11.658595088671932,17.245822419911818,311.0955824914163
20240728,134,100,117,571,82.77233522161946,44.28037141572016,443.9472933626604
20240728,183,100,815,507,38.12018392996863,72.6418955175867,396.2379205524447
20240728,555,100,930,881,130.1014523522841,70.23941097822086,680.6591366694951
20240728,845,100,584,623,57.30007899788193,66.63134108374227,499.0685799183758
20240728,488,100,24,896,97.79139848363786,98.98909639335008,699.219505123012
20240728,677,100,782,986,23.910617918250676,97.80829893797268,864.2810831437766
20240728,557,100,592,714,31.42931339066131,42.84320719799573,639.727479411343
20240728,520,100,99,137,17.031845483140962,16.385859182086133,103.58229533477291
20240728,825,100,529,717,60.899882546542365,63.887273279170266,592.2128441742874
20240728,971,100,463,554,35.91584157686,30.48493903948865,487.59921938365136
20240728,383,100,703,837,79.68281565599892,108.060722846906,649.2564614970951
20240728,886,100,499,977,126.52883827470957,141.38408511949444,709.087076605796
20240728,723,100,37,964,99.1913458645531,62.49982654741491,802.308827588032
20240728,234,100,963,590,64.0237215246144,83.62495831680161,442.351320158584
20240728,9,100,63,341,37.837161579557645,18.355198857767302,284.80763956267504
20240728,945,100,431,984,138.13481050786194,145.89300047507948,699.9721890170586
20240728,405,100,70,413,36.08948411940666,29.232838863913123,347.6776770166802
20240728,726,100,130,149,9.771740231687014,11.886688879767199,127.34157088854579
20240728,746,100,524,556,24.503190856847016,31.762281871570956,499.734527271582
20240728,48,100,898,349,42.89404337443641,39.741674557487826,266.3642820680758
20240728,75,100,530,836,55.921167939539,105.67246325965914,674.4063688008018
20240728,674,100,238,905,50.56128193872701,75.33454458182582,779.1041734794471
20240728,693,100,121,879,59.11722068533007,105.77402934721111,714.1087499674588
20240728,331,100,454,792,20.81708273281165,88.74539215239942,682.437525114789
20240728,909,100,24,646,41.60556275474214,83.34296974048172,521.0514675047762
20240728,504,100,967,516,74.63489691963343,25.9136222810435,415.45148079932306
20240728,19,100,552,733,44.60730720804605,44.94646904765918,643.4462237442948
20240728,500,100,775,152,18.404440500601446,9.034826754863458,124.5607327445351
20240728,382,100,617,894,130.31622957619345,83.39333966004855,680.290430763758
20240728,110,100,837,583,78.74934318847004,49.60041122533068,454.6502455861993
20240728,940,100,682,596,53.756402667289464,83.81296857247823,458.4306287602323
20240728,928,100,798,975,44.31142491852547,68.06766135432038,862.6209137271542
20240728,797,100,789,777,58.4940113021762,113.02055897851298,605.4854297193108
20240728,652,100,319,371,48.919000720148524,49.34207942750399,272.7389198523475
20240728,601,100,759,958,62.10990883279392,107.0669468600381,788.8231443071679
20240728,59,100,965,633,47.439724484218736,57.72668580392452,527.8335897118568
20240728,438,100,998,815,77.02290704757624,64.18625685330194,673.7908360991219
20240728,470,100,70,901,102.56272271313671,134.87788087861014,663.5593964082532
20240728,827,100,798,678,46.03434573061605,75.03627768828727,556.9293765810967
20240728,977,100,465,600,15.095740270128953,44.86061622376119,540.0436435061099
20240728,661,100,99,817,54.699272431039624,121.23542047116261,641.0653070977978
20240728,812,100,898,698,49.408269282326685,78.01926387566974,570.5724668420036
20240728,675,100,211,510,37.1823505716475,52.326183125033246,420.49146630331927
20240728,490,100,213,509,72.52837756988006,44.06838525600552,392.40323717411445
20240728,361,100,395,710,37.59451107277304,95.55087215230506,576.8546167749219
20240728,502,100,422,641,24.25050907377632,69.67556750525276,547.0739234209709
20240728,338,100,23,831,124.32970961212402,45.354073386198586,661.3162170016774
20240728,425,100,962,904,130.2764553489215,67.39783996191726,706.3257046891613
20240728,656,100,518,981,145.90991199851246,72.77971749548436,762.3103705060032
20240728,883,100,493,539,67.13161232526593,61.321586975758095,410.54680069897597
20240728,859,100,863,924,132.10719030840215,64.64869712619722,727.2441125654007
20240728,928,100,409,853,89.43243817920431,109.78955326542105,653.7780085553746
20240728,785,100,458,737,60.93451475065158,82.31180608495373,593.7536791643947
20240728,462,100,499,114,5.854668840095004,9.804382848552873,98.34094831135212
20240728,491,100,344,760,27.36358224368201,104.71730643582731,627.9191113204906
20240728,666,100,198,744,23.86068623951486,54.796929833800505,665.3423839266846
20240728,225,100,763,551,69.55430710656218,82.58349849101675,398.8621944024211
20240728,876,100,842,577,57.679159792812136,52.74258684939947,466.5782533577884
20240728,680,100,646,937,92.43460305196218,113.05134560163563,731.5140513464022
20240728,54,100,627,243,16.83497143120345,30.75753110352446,195.4074974652721
20240728,318,100,722,155,15.497056853462409,18.012710294422956,121.49023285211464
20240728,607,100,347,123,4.5802808148070975,15.212997957627397,103.20672122756551
20240728,162,100,714,403,48.39085513933233,45.80079204824551,308.8083528124222
20240728,257,100,893,950,87.48512974866513,99.47934331821662,763.0355269331183
20240728,535,100,317,501,23.093336086575857,39.91859549330422,437.98806842011993
20240728,91,100,283,553,49.72596409020975,49.455902365492456,453.8181335442978
20240728,317,100,216,528,45.26545388202502,33.343687142995456,449.39085897497955
20240728,599,100,188,119,13.826451492327719,16.76829264239591,88.40525586527637
20240728,412,100,772,974,51.28402957975125,75.35620957577262,847.3597608444761
20240728,556,100,459,382,53.241379918418296,24.10326230499871,304.655357776583
20240728,664,100,424,249,14.295879368549254,20.679232739953537,214.0248878914972
20240728,112,100,745,320,27.4539427051566,45.850154861109885,246.69590243373352
20240728,489,100,940,752,95.38822644108525,107.36224846758722,549.2495250913275
20240728,145,100,136,866,26.8221179126657,99.46019344939337,739.7176886379409
20240728,510,100,318,188,18.181094966492356,22.79961717583439,147.01928785767325
20240728,856,100,596,316,13.215167266261581,17.637307828540667,285.14752490519777
20240728,598,100,671,260,6.261837154371037,16.89801198531562,236.84015086031334
20240728,549,100,265,664,44.246301277577764,92.58916769553059,527.1645310268916
20240728,640,100,871,524,57.875808572323756,48.0261406507291,418.09805077694716
20240728,300,100,751,871,39.596072266495426,99.79472092682003,731.6092068066846
20240728,790,100,458,279,17.99616249032015,37.61128451862545,223.3925529910544
20240728,814,100,425,516,63.95555111944291,37.700932356278294,414.3435165242788
20240728,198,100,486,557,74.77761231687482,74.3387480041497,407.88363967897544
20240728,520,100,150,108,15.389726847400201,13.062815640274437,79.54745751232537
20240728,565,100,530,647,13.483718029809049,49.93045502893724,583.5858269412537
20240728,243,100,380,313,23.042745293334786,43.44648975373962,246.5107649529256
20240728,564,100,681,302,35.61824773260437,28.76843166690783,237.6133206004878
20240728,302,100,619,775,51.9113692486993,62.008773492854075,661.0798572584466
20240728,3,100,186,942,106.03436014624266,134.46502521643134,701.500614637326
20240728,836,100,436,893,67.39251327847141,98.79031766063261,726.817169060896
20240728,3,100,321,377,23.683821713533362,37.37532780051045,315.94085048595616
20240728,172,100,513,622,13.741209365848723,52.42232917041338,555.8364614637379
20240728,272,100,57,893,25.045224683585282,61.83630151952086,806.1184737968938
20240728,674,100,147,264,28.88068479732764,34.345512179393104,200.77380302327924
20240728,477,100,414,770,114.96820211251276,75.73043890010321,579.301358987384
20240728,865,100,519,669,30.7326284198079,60.85530786434967,577.4120637158425
20240728,512,100,593,616,52.30351338306802,41.38897301460776,522.3075136023242
20240728,882,100,613,405,32.91291085609297,28.852440437422466,343.23464870648456
20240728,202,100,984,133,16.41382329228025,7.391967796389546,109.19420891133021
20240728,778,100,622,156,14.896724865999989,7.829920534936253,133.27335459906377
20240728,672,100,962,499,53.971446615090265,46.147801881648185,398.88075150326154
20240728,593,100,658,808,17.923959458963164,58.2716559492005,731.8043845918363
20240728,621,100,138,635,58.39452012172121,42.44870897889267,534.1567708993862
20240728,264,100,408,410,14.191201774190825,37.1052183464461,358.7035798793631
20240728,715,100,776,447,50.62057189282439,55.9770381431975,340.4023899639781
20240728,674,100,46,745,53.6125992183205,54.32863541180655,637.058765369873
20240728,706,100,667,244,20.737465628595924,21.172498180638147,202.09003619076594
20240728,402,100,812,726,88.89546702532843,88.62413753626036,548.4803954384113
20240728,423,100,940,120,12.145611942859022,17.840231927862455,90.01415612927852
20240728,995,100,247,533,23.206499225565455,46.172860690370584,463.62064008406395
20240728,674,100,935,835,83.08387922239325,69.3512630787799,682.5648576988269
20240728,60,100,518,832,71.79052606680226,106.66080565135688,653.5486682818408
20240728,27,100,823,682,67.89195519432185,95.63062898671187,518.4774158189663
20240728,86,100,83,472,28.297008219837338,24.88569698549183,418.81729479467083
20240728,369,100,755,852,121.45418688653044,69.05695553772178,661.4888575757477
20240728,347,100,246,240,11.592803485767005,26.003981040338115,202.40321547389487
20240728,559,100,295,395,27.03163302289223,52.77454788640037,315.1938190907074
20240728,859,100,19,400,27.705650507498692,35.84983080509088,336.44451868741044
20240728,390,100,493,709,51.06743357892286,65.87879849992615,592.053767921151
20240728,935,100,796,489,72.64258633923637,55.324618952502306,361.03279470826135
20240728,585,100,910,126,6.023386858843783,18.246886938806508,101.72972620234971
20240728,98,100,701,528,25.146732107988356,46.25269854710081,456.6005693449108
20240728,440,100,703,989,141.5041897993497,63.691075969998266,783.804734230652
20240728,68,100,893,452,35.02334099006477,65.62726927514456,351.3493897347907
20240728,366,100,651,472,57.19957112387251,55.945837678730555,358.8545911973969
20240728,274,100,931,710,18.289321567156666,81.6021478033296,610.1085306295138
20240728,681,100,453,149,16.551768084850675,19.615174982109377,112.83305693303996
20240728,318,100,669,233,16.761408758965334,34.073240820308214,182.16535042072644
20240728,555,100,237,868,118.53461494981785,54.03833878914373,695.4270462610384
20240728,542,100,237,974,27.490354943893653,60.82377415444573,885.6858709016606
20240728,4,100,578,940,106.67417666157658,137.79950278092014,695.5263205575033
20240728,425,100,83,332,21.71267577896451,36.034924800033565,274.25239942100194
20240728,514,100,254,141,9.177783910050797,15.820089147348495,116.00212694260071
